chi2: 2.653061944016744
llh: -1.778113677297827
simulation_files:
- _simulations.tsv
tol_chi2: 0.001
tol_llh: 0.001
tol_simulations: 0.001
